block=4
previous_hash=0b3ed1236d19a5d8786c3ecb856616594c1d2be3479b6b3b58fc1d6d8455e7a7
data=0.5167750451880478
nonce=0.5617348557647167